711 1458.57813000000 1033.79003000000
734 1421.17578000000 1033.79003000000
757 1351.61719000000 906.801750000001
780 1436.23438000000 794.217769999999
803 1934.32617000000 517.812500000000
826 1840.51172000000 340.744140000001
849 1886.74610000000 73.1738200000000
872 1925.35742000000 0.0
895 2228.53906000000 289.025390000001
918 2153.89649000000 304.445309999999
941 2062.74414000000 195.731440000000
964 1472.41797000000 805.313469999999
987 1624.49610000000 659.826170000000
1010 1759.35547000000 843.395500000001
1033 1743.11914000000 831.138670000000
1056 1668.43164000000 539.054679999999