317 1201.50781000000 1351.08984000000
402 253.992190000001 1072.19628000000
440 135.466799999998 1047.99316000000
463 26.9081999999980 996.321280000000
486 0.0 1213.85156000000
509 113.906250000000 1264.88183000000
532 354.894530000001 1306.83203000000
555 337.880860000001 1308.29296000000
578 377.816409999999 1151.69140000000
601 388.546879999998 1102.10937000000
711 1458.57813000000 1033.79003000000
734 1421.17578000000 1033.79003000000
757 1351.61719000000 906.801750000001
780 1436.23438000000 794.217769999999
803 1934.32617000000 517.812500000000
826 1840.51172000000 340.744140000001
849 1886.74610000000 73.1738200000000
872 1925.35742000000 0.0
895 2228.53906000000 289.025390000001
918 2153.89649000000 304.445309999999
941 2062.74414000000 195.731440000000
964 1472.41797000000 805.313469999999
987 1624.49610000000 659.826170000000
1010 1759.35547000000 843.395500000001
1033 1743.11914000000 831.138670000000
1056 1668.43164000000 539.054679999999